
 TSEMO log file created on 06-Mar-2020 

 This file shows the initial specifications of TSEMO and logs the output.
 ¯¯¯¯¯¯¯¯¯¯¯¯¯¯¯¯¯¯¯¯¯¯¯¯¯¯¯¯¯¯¯¯¯¯¯¯¯¯¯¯¯¯¯¯¯¯¯¯¯¯¯¯¯¯¯¯¯¯¯¯¯¯¯¯¯¯¯¯¯¯¯¯¯¯¯¯¯¯¯¯¯¯¯¯¯¯¯¯¯¯¯¯¯¯¯¯¯¯¯¯¯¯
 License information 

 BSD 2-Clause License 

 Copyright (c) 2017, Eric Bradford, Artur M. Schweidtmann and Alexei Lapkin
 All rights reserved. 

 Redistribution and use in source and binary forms, with or without
 modification, are permitted provided that the following conditions are met: 

 *Redistributions of source code must retain the above copyright notice, this   
  list of conditions and the following disclaimer. 

 *Redistributions in binary form must reproduce the above copyright notice,   
  this list of conditions and the following disclaimer in the documentation   
  and/or other materials provided with the distribution. 

 Modified by Mina Konakovic Lukovic 2019. 

 ¯¯¯¯¯¯¯¯¯¯¯¯¯¯¯¯¯¯¯¯¯¯¯¯¯¯¯¯¯¯¯¯¯¯¯¯¯¯¯¯¯¯¯¯¯¯¯¯¯¯¯¯¯¯¯¯¯¯¯¯¯¯¯¯¯¯¯¯¯¯¯¯¯¯¯¯¯¯¯¯¯¯¯¯¯¯¯¯¯¯¯¯¯¯¯¯¯¯¯¯¯¯
 Problem specifications 

 Function used:   consta 

 Number of inputs:   6
 Number of outputs:  3 

 Lower bounds of decision variables:
      x1      x2      x3      x4      x5      x6
  0.0000  0.0000  0.0000  0.0000  0.0000  0.0000
 
 Upper bounds of decision variables:
      x1      x2      x3      x4      x5      x6
  1.0000  1.0000  0.5000  1.0000  1.0000  1.0000
 ¯¯¯¯¯¯¯¯¯¯¯¯¯¯¯¯¯¯¯¯¯¯¯¯¯¯¯¯¯¯¯¯¯¯¯¯¯¯¯¯¯¯¯¯¯¯¯¯¯¯¯¯¯¯¯¯¯¯¯¯¯¯¯¯¯¯¯¯¯¯¯¯¯¯¯¯¯¯¯¯¯¯¯¯¯¯¯¯¯¯¯¯¯¯¯¯¯¯¯¯¯¯
 Algorithm options 

 Maximum number of function evaluations:  4
 Sample batch size:                       4
 Number of algorithm iterations:          1 

 Genetic algorithm population size:        200
 Genetic algorithm number of generations:  200 

                                               f1      f2      f3
 Number of spectral sampling points:         4000    4000    4000
 Type of matern function:                       5       5       5
 Direct evaluations per input dimension:      200     200     200
 ¯¯¯¯¯¯¯¯¯¯¯¯¯¯¯¯¯¯¯¯¯¯¯¯¯¯¯¯¯¯¯¯¯¯¯¯¯¯¯¯¯¯¯¯¯¯¯¯¯¯¯¯¯¯¯¯¯¯¯¯¯¯¯¯¯¯¯¯¯¯¯¯¯¯¯¯¯¯¯¯¯¯¯¯¯¯¯¯¯¯¯¯¯¯¯¯¯¯¯¯¯¯
 Initial data set 

 Number of initial data points:  140 

 Initial input data matrix:
      x1      x2      x3      x4      x5      x6
  0.3200  0.1300  0.0500  0.2100  0.0400  0.2500
  0.0000  0.1800  0.2100  0.2800  0.2000  0.1300
  0.0000  0.0200  0.3800  0.0400  0.2900  0.2700
  0.1900  0.3000  0.1000  0.0600  0.0700  0.2800
  0.0800  0.1600  0.1400  0.0400  0.1900  0.3900
  0.3400  0.0600  0.2300  0.1600  0.1900  0.0200
  0.1400  0.1000  0.0700  0.2000  0.2700  0.2200
  0.0700  0.0700  0.3200  0.2100  0.0300  0.3000
  0.0200  0.0100  0.2700  0.1300  0.4900  0.0800
  0.0900  0.3200  0.0300  0.1300  0.3700  0.0600
  0.0800  0.2100  0.0200  0.0000  0.6100  0.0800
  0.0900  0.3200  0.0400  0.2100  0.1700  0.1700
  0.1400  0.3000  0.0700  0.1000  0.2500  0.1400
  0.0400  0.1700  0.0700  0.2200  0.2400  0.2600
  0.1700  0.1500  0.2800  0.2900  0.0000  0.1100
  0.1000  0.1400  0.1400  0.2600  0.2700  0.0900
  1.0000  0.0000  0.0000  0.0000  0.0000  0.0000
  0.0000  1.0000  0.0000  0.0000  0.0000  0.0000
  0.0000  0.0000  0.0000  1.0000  0.0000  0.0000
  0.6000  0.4000  0.0000  0.0000  0.0000  0.0000
  0.5500  0.4500  0.0000  0.0000  0.0000  0.0000
  0.5000  0.5000  0.0000  0.0000  0.0000  0.0000
  0.4500  0.5500  0.0000  0.0000  0.0000  0.0000
  0.4000  0.6000  0.0000  0.0000  0.0000  0.0000
  0.2700  0.4400  0.0900  0.0400  0.0800  0.0800
  0.0400  0.1900  0.3600  0.2000  0.1200  0.0900
  0.0000  0.5900  0.0000  0.0800  0.0800  0.2500
  0.0000  0.3900  0.1300  0.0700  0.0300  0.3800
  0.0100  0.5100  0.0000  0.1000  0.0200  0.3600
  0.0100  0.6200  0.0100  0.0300  0.1000  0.2300
  0.0600  0.3000  0.4100  0.0100  0.0100  0.2100
  0.0800  0.3200  0.5000  0.0700  0.0200  0.0100
  0.1500  0.2800  0.2500  0.0100  0.0600  0.2500
  0.0000  0.0000  0.0000  0.0000  0.0000  1.0000
  0.0000  0.0000  0.0000  0.0000  1.0000  0.0000
  0.0200  0.1100  0.0000  0.5000  0.0300  0.3400
  0.0100  0.1900  0.0000  0.0000  0.0000  0.8000
  0.0100  0.3900  0.0000  0.0200  0.0100  0.5700
  0.1800  0.1200  0.0000  0.3600  0.0000  0.3400
  0.0100  0.0000  0.1300  0.2500  0.0000  0.6100
  0.3200  0.0000  0.1200  0.0100  0.0000  0.5500
  0.0100  0.1500  0.1000  0.2100  0.0000  0.5300
  0.0100  0.0000  0.1500  0.2500  0.0000  0.5900
  0.1500  0.4500  0.0400  0.0300  0.0100  0.3200
  0.0500  0.3200  0.0000  0.5700  0.0600  0.0000
  0.3100  0.5200  0.0000  0.0800  0.0200  0.0700
  0.1500  0.0400  0.1300  0.6700  0.0100  0.0000
  0.0000  0.2100  0.2000  0.5800  0.0100  0.0000
  0.0000  0.0100  0.2800  0.6700  0.0100  0.0300
  0.0100  0.2800  0.1100  0.4600  0.1100  0.0300
  0.4900  0.0600  0.0000  0.1400  0.0200  0.2900
  0.1400  0.0000  0.0700  0.0100  0.0100  0.7700
  0.0300  0.5800  0.1800  0.0400  0.1000  0.0700
  0.0000  0.3100  0.0100  0.0200  0.1500  0.5100
  0.2500  0.0100  0.0100  0.0400  0.1300  0.5600
  0.2900  0.4500  0.0600  0.0800  0.1200  0.0000
  0.0200  0.0100  0.1600  0.0100  0.5000  0.3000
  0.0200  0.2400  0.0000  0.0300  0.2600  0.4500
  0.0000  0.0100  0.0000  0.0100  0.2700  0.7100
  0.0900  0.0200  0.0000  0.0600  0.4000  0.4300
  0.0000  0.1600  0.0000  0.0000  0.2500  0.5900
  0.3200  0.0900  0.0200  0.0100  0.0100  0.5500
  0.0000  0.0800  0.1300  0.0000  0.1100  0.6800
  0.3900  0.0100  0.0300  0.0000  0.0000  0.5700
  0.2600  0.1800  0.0200  0.0100  0.0100  0.5200
  0.2000  0.1600  0.0000  0.0000  0.0000  0.6400
  0.5100  0.3100  0.0700  0.0100  0.0100  0.0900
  0.1400  0.1700  0.0200  0.0000  0.0000  0.6700
  0.0000  0.0300  0.0200  0.2100  0.3200  0.4200
  0.5700  0.0000  0.1100  0.0100  0.1000  0.2100
  0.5100  0.2500  0.1000  0.0200  0.1200  0.0000
  0.5100  0.0100  0.0700  0.0200  0.1100  0.2800
  0.0000  0.0000  0.0000  0.0200  0.0000  0.9800
  0.6000  0.0000  0.0300  0.0000  0.0200  0.3500
  0.3400  0.0000  0.1100  0.0100  0.0600  0.4800
  0.4400  0.1100  0.1100  0.0000  0.0600  0.2800
  0.6600  0.0000  0.0800  0.0000  0.0000  0.2600
  0.3700  0.4700  0.1000  0.0000  0.0600  0.0000
  0.4400  0.3000  0.0900  0.0400  0.1300  0.0000
  0.2700  0.6100  0.1200  0.0000  0.0000  0.0000
  0.0100  0.0000  0.0000  0.0200  0.0800  0.8900
  0.2100  0.1100  0.0600  0.0000  0.1400  0.4800
  0.5200  0.0100  0.0100  0.0000  0.0000  0.4600
  0.0000  0.3800  0.0100  0.0000  0.0000  0.6100
  0.0000  0.3100  0.0100  0.0000  0.0000  0.6800
  0.3200  0.3400  0.0200  0.0000  0.0100  0.3100
  0.0100  0.4100  0.0000  0.0000  0.0100  0.5700
  0.0000  0.4100  0.0000  0.1300  0.0000  0.4600
  0.0000  0.1800  0.0000  0.2600  0.0100  0.5500
  0.0400  0.4500  0.0000  0.0700  0.0100  0.4300
  0.0000  0.2500  0.0000  0.2500  0.0000  0.5000
  0.3600  0.2000  0.0200  0.0800  0.0000  0.3400
  0.2100  0.0000  0.0000  0.3300  0.0100  0.4500
  0.2500  0.0000  0.0000  0.3100  0.0100  0.4300
  0.1900  0.0000  0.0000  0.3200  0.0100  0.4800
  0.0000  0.6300  0.1000  0.0000  0.0000  0.2700
  0.0000  0.6600  0.0900  0.0000  0.0000  0.2500
  0.0000  0.3300  0.1100  0.0100  0.0000  0.5500
  0.0000  0.6800  0.0900  0.0000  0.0100  0.2200
  0.3500  0.0000  0.0000  0.0100  0.0000  0.6400
  0.0100  0.0000  0.0000  0.3600  0.0000  0.6300
  0.4800  0.0000  0.0100  0.0000  0.1200  0.3900
  0.3900  0.0000  0.0000  0.0200  0.0100  0.5800
  0.4000  0.1700  0.0000  0.0000  0.1200  0.3100
  0.4400  0.2700  0.0000  0.0000  0.1700  0.1200
  0.3400  0.1400  0.0000  0.0000  0.1300  0.3900
  0.3300  0.1200  0.0000  0.0000  0.1300  0.4200
  0.3900  0.0000  0.0000  0.0000  0.2200  0.3900
  0.3900  0.3100  0.0000  0.0000  0.2200  0.0800
  0.4100  0.0000  0.0000  0.0000  0.2500  0.3400
  0.3500  0.0000  0.0000  0.0000  0.2000  0.4500
  0.3300  0.0000  0.0000  0.0000  0.2100  0.4600
  0.3100  0.0000  0.0000  0.0000  0.2000  0.4900
  0.3500  0.0000  0.0000  0.0000  0.2100  0.4400
  0.2000  0.0000  0.0000  0.0000  0.0100  0.7900
  0.5000  0.0000  0.0000  0.0000  0.3000  0.2000
  0.5300  0.0600  0.0000  0.0000  0.3200  0.0900
  0.5300  0.0000  0.0000  0.0000  0.3300  0.1400
  0.4200  0.0000  0.0000  0.0000  0.2700  0.3100
  0.4200  0.0100  0.0000  0.0000  0.1400  0.4300
  0.3900  0.0000  0.0000  0.0000  0.1300  0.4800
  0.4400  0.0000  0.0000  0.0500  0.1300  0.3800
  0.2800  0.0000  0.0000  0.1100  0.0800  0.5300
  0.4200  0.1200  0.0000  0.0000  0.0600  0.4000
  0.4200  0.1100  0.0000  0.0100  0.0700  0.3900
  0.4200  0.1100  0.0000  0.0000  0.0400  0.4300
  0.4500  0.0800  0.0000  0.0000  0.0500  0.4200
  0.4100  0.1400  0.0000  0.0000  0.0700  0.3800
  0.4100  0.1200  0.0000  0.0000  0.0600  0.4100
  0.4200  0.1600  0.0000  0.0000  0.0700  0.3500
  0.4000  0.1300  0.0000  0.0000  0.0800  0.3900
  0.2500  0.0000  0.0000  0.0000  0.0000  0.7500
  0.2700  0.0000  0.0000  0.0000  0.0000  0.7300
  0.2300  0.0000  0.0000  0.0000  0.0000  0.7700
  0.2700  0.0000  0.0000  0.0000  0.1400  0.5900
  0.3000  0.0000  0.0000  0.0000  0.0900  0.6100
  0.3200  0.0100  0.0000  0.0000  0.0900  0.5800
  0.3700  0.3700  0.0000  0.0000  0.1900  0.0700
  0.3800  0.4100  0.0000  0.0100  0.1900  0.0100
  0.3400  0.3600  0.0000  0.0000  0.2000  0.1000

 Initial output data matrix:
      f1      f2      f3
-477.3645 -1.2974-78049.1925
-454.7535 -1.3662-68112.8155
-279.9044 -2.1133-51731.0693
-469.5247 -1.7578-77876.9026
-440.0426 -1.9634-76654.9118
-365.6047 -1.2303-62118.0243
-410.9856 -1.1190-66049.6554
-136.1656 -0.8962-22268.5639
-369.0088 -1.3142-61644.3643
-533.9811 -0.8968-68784.7611
-442.6768 -0.7257-59416.2131
-507.4257 -0.9822-66650.9629
-443.6008 -1.1184-65323.0907
-489.5899 -1.3294-72483.9913
-359.3333 -1.7335-60280.1487
-485.2462 -0.8865-66192.4108
-228.9585 -0.7284-49588.2084
-435.6576 -1.1748-60782.1527
-368.0328 -0.0378-29839.9581
-558.3333 -1.0147-72324.3305
-545.1107 -1.0090-76481.1353
-595.9865 -1.0313-80252.0073
-577.5167 -1.0272-78299.5278
-603.0115 -1.0486-79494.8772
-536.4679 -1.3385-83057.1828
-380.6202 -1.5761-63939.3838
-487.9964 -1.6929-74452.7693
-492.2164 -2.0354-77476.1977
-483.0457 -1.7036-74331.8675
-461.0062 -1.5331-68683.9650
-428.6732 -1.9582-73565.0149
-420.3458 -1.7501-70958.0370
-185.7397 -1.9998-39188.2443
-307.5914 -2.9333-68673.8814
-248.0791 -0.3369-41639.4837
-330.4220 -1.6093-58954.7196
-261.1897 -2.5356-54113.5267
-374.3907 -2.1313-72005.0906
-442.1932 -1.6426-73645.0393
-325.5454 -2.2577-65492.6760
-407.4563 -1.7142-79298.8675
-280.7768 -2.0890-55835.4428
-345.4445 -2.2639-66935.4850
-337.8766 -1.7123-65225.4544
-380.5099 -0.6146-47362.4095
-423.7886 -1.3121-68132.9194
-412.9137 -0.7221-59055.9302
-389.7163 -1.2975-60315.7332
-243.9299 -1.5816-43427.1956
-418.8166 -1.1219-61444.5239
-463.1094 -1.4660-81856.9346
-260.4919 -1.9421-59060.6871
-461.1271 -1.5697-75813.0466
-434.9195 -1.9723-80545.7853
-411.2741 -1.7072-85333.3874
-593.8157 -1.0758-82484.6477
-331.6431 -1.2261-62332.4475
-461.8788 -1.5726-80820.6379
-386.3988 -1.9098-76223.9832
-458.6168 -1.3865-78606.8274
-386.1546 -1.7969-73308.3934
-420.6757 -1.8963-83069.8760
-256.3444 -2.2542-53258.3199
-343.7864 -1.8975-72697.8828
-317.0968 -1.9236-66141.3310
-405.5608 -1.9380-81223.2023
-579.2708 -1.0437-87100.5169
-297.2664 -2.2664-61771.9743
-230.0024 -1.7750-53153.7094
-296.3126 -0.8946-60049.3899
-625.1337 -1.1253-94708.7918
-559.4404 -1.5604-98460.5528
-350.2734 -2.6724-74202.1381
-483.8073 -1.5770-91455.1658
-333.6048 -1.8340-67470.0844
-401.3639 -1.5176-75081.6898
-339.8147 -1.1731-68370.6235
-619.8270 -1.3159-92324.8900
-456.6095 -1.0320-73399.8497
-527.1160 -1.2052-80673.3135
-182.0132 -2.1459-33836.3245
-299.4935 -1.9115-62779.5207
-342.4831 -1.8084-73190.6083
-292.5484 -2.1003-64376.6034
-284.1961 -2.0337-60695.8700
-418.6794 -1.5121-75788.0791
-272.5130 -1.9527-60034.6655
-324.9663 -1.9969-65021.8788
-361.4059 -2.0913-69395.5054
-310.1195 -1.9192-61302.0228
-321.0298 -2.0199-62665.9535
-408.2643 -1.5818-76317.7672
-398.2560 -1.9114-74552.8783
-437.9660 -1.8110-79745.2693
-402.9772 -1.8842-75747.1961
-367.7646 -1.7661-65605.9795
-392.9406 -1.8913-69484.2021
-317.1051 -2.1952-63761.7220
-355.6015 -1.8014-64450.3268
-438.2688 -2.1205-87348.6010
-334.7339 -2.0407-65124.3183
-514.0293 -1.5443-93643.6527
-526.1093 -1.9176-98663.7705
-555.0826 -1.4101-91162.3449
-653.9760 -1.1215-96005.8355
-613.3157 -1.3545-102903.8092
-574.5688 -1.4762-99854.6710
-596.1996 -1.5851-97568.0584
-673.8733 -1.3085-96609.9429
-570.9253 -1.5720-97057.6408
-453.6160 -1.8559-85374.7271
-512.3685 -1.7799-93175.9066
-384.8236 -1.8510-77997.5467
-536.0149 -1.7113-96497.9814
-289.9712 -1.9717-66399.4183
-596.7186 -0.9982-92484.7776
-390.5278 -0.8869-64360.6166
-429.9865 -0.7968-68899.7837
-397.0291 -1.0850-76450.3138
-413.4216 -1.7276-80202.5821
-512.4700 -1.6664-92116.8858
-627.3105 -1.5880-103558.9154
-459.2870 -1.8760-85164.1567
-489.1206 -1.8652-89171.2803
-523.3253 -1.8184-92589.2154
-483.7090 -2.0071-89596.8710
-506.5947 -1.8726-91082.8276
-414.5373 -1.4395-76845.5530
-497.6451 -1.5944-86257.9869
-387.4478 -1.5175-74536.3039
-605.3055 -1.7013-100894.6560
-330.1772 -2.3875-72121.0094
-430.6648 -2.0605-85776.8507
-379.2996 -1.2350-79505.9871
-373.9609 -1.7620-76874.3459
-304.9460 -1.8920-67570.8658
-474.1479 -1.6447-89096.7259
-697.1304 -1.0954-95259.3377
-631.9917 -1.0162-84624.4465
-558.3350 -1.1524-81235.4409

 ¯¯¯¯¯¯¯¯¯¯¯¯¯¯¯¯¯¯¯¯¯¯¯¯¯¯¯¯¯¯¯¯¯¯¯¯¯¯¯¯¯¯¯¯¯¯¯¯¯¯¯¯¯¯¯¯¯¯¯¯¯¯¯¯¯¯¯¯¯¯¯¯¯¯¯¯¯¯¯¯¯¯¯¯¯¯¯¯¯¯¯¯¯¯¯¯¯¯¯¯¯¯
 Algorithm iteration 1 

 Predicted hypervolume improvement:    0.1198
 Time taken:   35.6656 

 Proposed evaluation point(s): 
      x1      x2      x3      x4      x5      x6
  0.1500  0.0000  0.0000  0.0000  0.0000  0.8500
  0.1100  0.0000  0.0000  0.0000  0.0000  0.8900
  0.1800  0.0000  0.0000  0.0000  0.0000  0.8200
  0.1300  0.0000  0.0000  0.0000  0.0000  0.8700

 Corresponding observation(s): 
      f1      f2      f3
-374.7396 -2.3645-69659.0111
-364.8835 -2.5096-66828.0151
-379.2230 -2.2492-71714.8182
-370.3817 -2.4395-68255.3836

 ¯¯¯¯¯¯¯¯¯¯¯¯¯¯¯¯¯¯¯¯¯¯¯¯¯¯¯¯¯¯¯¯¯¯¯¯¯¯¯¯¯¯¯¯¯¯¯¯¯¯¯¯¯¯¯¯¯¯¯¯¯¯¯¯¯¯¯¯¯¯¯¯¯¯¯¯¯¯¯¯¯¯¯¯¯¯¯¯¯¯¯¯¯¯¯¯¯¯¯¯¯¯
 Final algorithm output 

 Final input data matrix:
        x1        x2        x3        x4        x5        x6
    0.3200    0.1300    0.0500    0.2100    0.0400    0.2500
    0.0000    0.1800    0.2100    0.2800    0.2000    0.1300
    0.0000    0.0200    0.3800    0.0400    0.2900    0.2700
    0.1900    0.3000    0.1000    0.0600    0.0700    0.2800
    0.0800    0.1600    0.1400    0.0400    0.1900    0.3900
    0.3400    0.0600    0.2300    0.1600    0.1900    0.0200
    0.1400    0.1000    0.0700    0.2000    0.2700    0.2200
    0.0700    0.0700    0.3200    0.2100    0.0300    0.3000
    0.0200    0.0100    0.2700    0.1300    0.4900    0.0800
    0.0900    0.3200    0.0300    0.1300    0.3700    0.0600
    0.0800    0.2100    0.0200    0.0000    0.6100    0.0800
    0.0900    0.3200    0.0400    0.2100    0.1700    0.1700
    0.1400    0.3000    0.0700    0.1000    0.2500    0.1400
    0.0400    0.1700    0.0700    0.2200    0.2400    0.2600
    0.1700    0.1500    0.2800    0.2900    0.0000    0.1100
    0.1000    0.1400    0.1400    0.2600    0.2700    0.0900
    1.0000    0.0000    0.0000    0.0000    0.0000    0.0000
    0.0000    1.0000    0.0000    0.0000    0.0000    0.0000
    0.0000    0.0000    0.0000    1.0000    0.0000    0.0000
    0.6000    0.4000    0.0000    0.0000    0.0000    0.0000
    0.5500    0.4500    0.0000    0.0000    0.0000    0.0000
    0.5000    0.5000    0.0000    0.0000    0.0000    0.0000
    0.4500    0.5500    0.0000    0.0000    0.0000    0.0000
    0.4000    0.6000    0.0000    0.0000    0.0000    0.0000
    0.2700    0.4400    0.0900    0.0400    0.0800    0.0800
    0.0400    0.1900    0.3600    0.2000    0.1200    0.0900
    0.0000    0.5900    0.0000    0.0800    0.0800    0.2500
    0.0000    0.3900    0.1300    0.0700    0.0300    0.3800
    0.0100    0.5100    0.0000    0.1000    0.0200    0.3600
    0.0100    0.6200    0.0100    0.0300    0.1000    0.2300
    0.0600    0.3000    0.4100    0.0100    0.0100    0.2100
    0.0800    0.3200    0.5000    0.0700    0.0200    0.0100
    0.1500    0.2800    0.2500    0.0100    0.0600    0.2500
    0.0000    0.0000    0.0000    0.0000    0.0000    1.0000
    0.0000    0.0000    0.0000    0.0000    1.0000    0.0000
    0.0200    0.1100    0.0000    0.5000    0.0300    0.3400
    0.0100    0.1900    0.0000    0.0000    0.0000    0.8000
    0.0100    0.3900    0.0000    0.0200    0.0100    0.5700
    0.1800    0.1200    0.0000    0.3600    0.0000    0.3400
    0.0100    0.0000    0.1300    0.2500    0.0000    0.6100
    0.3200    0.0000    0.1200    0.0100    0.0000    0.5500
    0.0100    0.1500    0.1000    0.2100    0.0000    0.5300
    0.0100    0.0000    0.1500    0.2500    0.0000    0.5900
    0.1500    0.4500    0.0400    0.0300    0.0100    0.3200
    0.0500    0.3200    0.0000    0.5700    0.0600    0.0000
    0.3100    0.5200    0.0000    0.0800    0.0200    0.0700
    0.1500    0.0400    0.1300    0.6700    0.0100    0.0000
    0.0000    0.2100    0.2000    0.5800    0.0100    0.0000
    0.0000    0.0100    0.2800    0.6700    0.0100    0.0300
    0.0100    0.2800    0.1100    0.4600    0.1100    0.0300
    0.4900    0.0600    0.0000    0.1400    0.0200    0.2900
    0.1400    0.0000    0.0700    0.0100    0.0100    0.7700
    0.0300    0.5800    0.1800    0.0400    0.1000    0.0700
    0.0000    0.3100    0.0100    0.0200    0.1500    0.5100
    0.2500    0.0100    0.0100    0.0400    0.1300    0.5600
    0.2900    0.4500    0.0600    0.0800    0.1200    0.0000
    0.0200    0.0100    0.1600    0.0100    0.5000    0.3000
    0.0200    0.2400    0.0000    0.0300    0.2600    0.4500
    0.0000    0.0100    0.0000    0.0100    0.2700    0.7100
    0.0900    0.0200    0.0000    0.0600    0.4000    0.4300
    0.0000    0.1600    0.0000    0.0000    0.2500    0.5900
    0.3200    0.0900    0.0200    0.0100    0.0100    0.5500
    0.0000    0.0800    0.1300    0.0000    0.1100    0.6800
    0.3900    0.0100    0.0300    0.0000    0.0000    0.5700
    0.2600    0.1800    0.0200    0.0100    0.0100    0.5200
    0.2000    0.1600    0.0000    0.0000    0.0000    0.6400
    0.5100    0.3100    0.0700    0.0100    0.0100    0.0900
    0.1400    0.1700    0.0200    0.0000    0.0000    0.6700
    0.0000    0.0300    0.0200    0.2100    0.3200    0.4200
    0.5700    0.0000    0.1100    0.0100    0.1000    0.2100
    0.5100    0.2500    0.1000    0.0200    0.1200    0.0000
    0.5100    0.0100    0.0700    0.0200    0.1100    0.2800
    0.0000    0.0000    0.0000    0.0200    0.0000    0.9800
    0.6000    0.0000    0.0300    0.0000    0.0200    0.3500
    0.3400    0.0000    0.1100    0.0100    0.0600    0.4800
    0.4400    0.1100    0.1100    0.0000    0.0600    0.2800
    0.6600    0.0000    0.0800    0.0000    0.0000    0.2600
    0.3700    0.4700    0.1000    0.0000    0.0600    0.0000
    0.4400    0.3000    0.0900    0.0400    0.1300    0.0000
    0.2700    0.6100    0.1200    0.0000    0.0000    0.0000
    0.0100    0.0000    0.0000    0.0200    0.0800    0.8900
    0.2100    0.1100    0.0600    0.0000    0.1400    0.4800
    0.5200    0.0100    0.0100    0.0000    0.0000    0.4600
    0.0000    0.3800    0.0100    0.0000    0.0000    0.6100
    0.0000    0.3100    0.0100    0.0000    0.0000    0.6800
    0.3200    0.3400    0.0200    0.0000    0.0100    0.3100
    0.0100    0.4100    0.0000    0.0000    0.0100    0.5700
    0.0000    0.4100    0.0000    0.1300    0.0000    0.4600
    0.0000    0.1800    0.0000    0.2600    0.0100    0.5500
    0.0400    0.4500    0.0000    0.0700    0.0100    0.4300
    0.0000    0.2500    0.0000    0.2500    0.0000    0.5000
    0.3600    0.2000    0.0200    0.0800    0.0000    0.3400
    0.2100    0.0000    0.0000    0.3300    0.0100    0.4500
    0.2500    0.0000    0.0000    0.3100    0.0100    0.4300
    0.1900    0.0000    0.0000    0.3200    0.0100    0.4800
    0.0000    0.6300    0.1000    0.0000    0.0000    0.2700
    0.0000    0.6600    0.0900    0.0000    0.0000    0.2500
    0.0000    0.3300    0.1100    0.0100    0.0000    0.5500
    0.0000    0.6800    0.0900    0.0000    0.0100    0.2200
    0.3500    0.0000    0.0000    0.0100    0.0000    0.6400
    0.0100    0.0000    0.0000    0.3600    0.0000    0.6300
    0.4800    0.0000    0.0100    0.0000    0.1200    0.3900
    0.3900    0.0000    0.0000    0.0200    0.0100    0.5800
    0.4000    0.1700    0.0000    0.0000    0.1200    0.3100
    0.4400    0.2700    0.0000    0.0000    0.1700    0.1200
    0.3400    0.1400    0.0000    0.0000    0.1300    0.3900
    0.3300    0.1200    0.0000    0.0000    0.1300    0.4200
    0.3900    0.0000    0.0000    0.0000    0.2200    0.3900
    0.3900    0.3100    0.0000    0.0000    0.2200    0.0800
    0.4100    0.0000    0.0000    0.0000    0.2500    0.3400
    0.3500    0.0000    0.0000    0.0000    0.2000    0.4500
    0.3300    0.0000    0.0000    0.0000    0.2100    0.4600
    0.3100    0.0000    0.0000    0.0000    0.2000    0.4900
    0.3500    0.0000    0.0000    0.0000    0.2100    0.4400
    0.2000    0.0000    0.0000    0.0000    0.0100    0.7900
    0.5000    0.0000    0.0000    0.0000    0.3000    0.2000
    0.5300    0.0600    0.0000    0.0000    0.3200    0.0900
    0.5300    0.0000    0.0000    0.0000    0.3300    0.1400
    0.4200    0.0000    0.0000    0.0000    0.2700    0.3100
    0.4200    0.0100    0.0000    0.0000    0.1400    0.4300
    0.3900    0.0000    0.0000    0.0000    0.1300    0.4800
    0.4400    0.0000    0.0000    0.0500    0.1300    0.3800
    0.2800    0.0000    0.0000    0.1100    0.0800    0.5300
    0.4200    0.1200    0.0000    0.0000    0.0600    0.4000
    0.4200    0.1100    0.0000    0.0100    0.0700    0.3900
    0.4200    0.1100    0.0000    0.0000    0.0400    0.4300
    0.4500    0.0800    0.0000    0.0000    0.0500    0.4200
    0.4100    0.1400    0.0000    0.0000    0.0700    0.3800
    0.4100    0.1200    0.0000    0.0000    0.0600    0.4100
    0.4200    0.1600    0.0000    0.0000    0.0700    0.3500
    0.4000    0.1300    0.0000    0.0000    0.0800    0.3900
    0.2500    0.0000    0.0000    0.0000    0.0000    0.7500
    0.2700    0.0000    0.0000    0.0000    0.0000    0.7300
    0.2300    0.0000    0.0000    0.0000    0.0000    0.7700
    0.2700    0.0000    0.0000    0.0000    0.1400    0.5900
    0.3000    0.0000    0.0000    0.0000    0.0900    0.6100
    0.3200    0.0100    0.0000    0.0000    0.0900    0.5800
    0.3700    0.3700    0.0000    0.0000    0.1900    0.0700
    0.3800    0.4100    0.0000    0.0100    0.1900    0.0100
    0.3400    0.3600    0.0000    0.0000    0.2000    0.1000
    0.1500    0.0000    0.0000    0.0000    0.0000    0.8500
    0.1100    0.0000    0.0000    0.0000    0.0000    0.8900
    0.1800    0.0000    0.0000    0.0000    0.0000    0.8200
    0.1300    0.0000    0.0000    0.0000    0.0000    0.8700

 Final output data matrix:
        f1        f2        f3
 -477.3645   -1.2974-78049.1925
 -454.7535   -1.3662-68112.8155
 -279.9044   -2.1133-51731.0693
 -469.5247   -1.7578-77876.9026
 -440.0426   -1.9634-76654.9118
 -365.6047   -1.2303-62118.0243
 -410.9856   -1.1190-66049.6554
 -136.1656   -0.8962-22268.5639
 -369.0088   -1.3142-61644.3643
 -533.9811   -0.8968-68784.7611
 -442.6768   -0.7257-59416.2131
 -507.4257   -0.9822-66650.9629
 -443.6008   -1.1184-65323.0907
 -489.5899   -1.3294-72483.9913
 -359.3333   -1.7335-60280.1487
 -485.2462   -0.8865-66192.4108
 -228.9585   -0.7284-49588.2084
 -435.6576   -1.1748-60782.1527
 -368.0328   -0.0378-29839.9581
 -558.3333   -1.0147-72324.3305
 -545.1107   -1.0090-76481.1353
 -595.9865   -1.0313-80252.0073
 -577.5167   -1.0272-78299.5278
 -603.0115   -1.0486-79494.8772
 -536.4679   -1.3385-83057.1828
 -380.6202   -1.5761-63939.3838
 -487.9964   -1.6929-74452.7693
 -492.2164   -2.0354-77476.1977
 -483.0457   -1.7036-74331.8675
 -461.0062   -1.5331-68683.9650
 -428.6732   -1.9582-73565.0149
 -420.3458   -1.7501-70958.0370
 -185.7397   -1.9998-39188.2443
 -307.5914   -2.9333-68673.8814
 -248.0791   -0.3369-41639.4837
 -330.4220   -1.6093-58954.7196
 -261.1897   -2.5356-54113.5267
 -374.3907   -2.1313-72005.0906
 -442.1932   -1.6426-73645.0393
 -325.5454   -2.2577-65492.6760
 -407.4563   -1.7142-79298.8675
 -280.7768   -2.0890-55835.4428
 -345.4445   -2.2639-66935.4850
 -337.8766   -1.7123-65225.4544
 -380.5099   -0.6146-47362.4095
 -423.7886   -1.3121-68132.9194
 -412.9137   -0.7221-59055.9302
 -389.7163   -1.2975-60315.7332
 -243.9299   -1.5816-43427.1956
 -418.8166   -1.1219-61444.5239
 -463.1094   -1.4660-81856.9346
 -260.4919   -1.9421-59060.6871
 -461.1271   -1.5697-75813.0466
 -434.9195   -1.9723-80545.7853
 -411.2741   -1.7072-85333.3874
 -593.8157   -1.0758-82484.6477
 -331.6431   -1.2261-62332.4475
 -461.8788   -1.5726-80820.6379
 -386.3988   -1.9098-76223.9832
 -458.6168   -1.3865-78606.8274
 -386.1546   -1.7969-73308.3934
 -420.6757   -1.8963-83069.8760
 -256.3444   -2.2542-53258.3199
 -343.7864   -1.8975-72697.8828
 -317.0968   -1.9236-66141.3310
 -405.5608   -1.9380-81223.2023
 -579.2708   -1.0437-87100.5169
 -297.2664   -2.2664-61771.9743
 -230.0024   -1.7750-53153.7094
 -296.3126   -0.8946-60049.3899
 -625.1337   -1.1253-94708.7918
 -559.4404   -1.5604-98460.5528
 -350.2734   -2.6724-74202.1381
 -483.8073   -1.5770-91455.1658
 -333.6048   -1.8340-67470.0844
 -401.3639   -1.5176-75081.6898
 -339.8147   -1.1731-68370.6235
 -619.8270   -1.3159-92324.8900
 -456.6095   -1.0320-73399.8497
 -527.1160   -1.2052-80673.3135
 -182.0132   -2.1459-33836.3245
 -299.4935   -1.9115-62779.5207
 -342.4831   -1.8084-73190.6083
 -292.5484   -2.1003-64376.6034
 -284.1961   -2.0337-60695.8700
 -418.6794   -1.5121-75788.0791
 -272.5130   -1.9527-60034.6655
 -324.9663   -1.9969-65021.8788
 -361.4059   -2.0913-69395.5054
 -310.1195   -1.9192-61302.0228
 -321.0298   -2.0199-62665.9535
 -408.2643   -1.5818-76317.7672
 -398.2560   -1.9114-74552.8783
 -437.9660   -1.8110-79745.2693
 -402.9772   -1.8842-75747.1961
 -367.7646   -1.7661-65605.9795
 -392.9406   -1.8913-69484.2021
 -317.1051   -2.1952-63761.7220
 -355.6015   -1.8014-64450.3268
 -438.2688   -2.1205-87348.6010
 -334.7339   -2.0407-65124.3183
 -514.0293   -1.5443-93643.6527
 -526.1093   -1.9176-98663.7705
 -555.0826   -1.4101-91162.3449
 -653.9760   -1.1215-96005.8355
 -613.3157   -1.3545-102903.8092
 -574.5688   -1.4762-99854.6710
 -596.1996   -1.5851-97568.0584
 -673.8733   -1.3085-96609.9429
 -570.9253   -1.5720-97057.6408
 -453.6160   -1.8559-85374.7271
 -512.3685   -1.7799-93175.9066
 -384.8236   -1.8510-77997.5467
 -536.0149   -1.7113-96497.9814
 -289.9712   -1.9717-66399.4183
 -596.7186   -0.9982-92484.7776
 -390.5278   -0.8869-64360.6166
 -429.9865   -0.7968-68899.7837
 -397.0291   -1.0850-76450.3138
 -413.4216   -1.7276-80202.5821
 -512.4700   -1.6664-92116.8858
 -627.3105   -1.5880-103558.9154
 -459.2870   -1.8760-85164.1567
 -489.1206   -1.8652-89171.2803
 -523.3253   -1.8184-92589.2154
 -483.7090   -2.0071-89596.8710
 -506.5947   -1.8726-91082.8276
 -414.5373   -1.4395-76845.5530
 -497.6451   -1.5944-86257.9869
 -387.4478   -1.5175-74536.3039
 -605.3055   -1.7013-100894.6560
 -330.1772   -2.3875-72121.0094
 -430.6648   -2.0605-85776.8507
 -379.2996   -1.2350-79505.9871
 -373.9609   -1.7620-76874.3459
 -304.9460   -1.8920-67570.8658
 -474.1479   -1.6447-89096.7259
 -697.1304   -1.0954-95259.3377
 -631.9917   -1.0162-84624.4465
 -558.3350   -1.1524-81235.4409
 -374.7396   -2.3645-69659.0111
 -364.8835   -2.5096-66828.0151
 -379.2230   -2.2492-71714.8182
 -370.3817   -2.4395-68255.3836

 Input data matrix of corresponding Pareto front:
        x1        x2        x3        x4        x5        x6
    0.0000    0.3900    0.1300    0.0700    0.0300    0.3800
    0.0000    0.0000    0.0000    0.0000    0.0000    1.0000
    0.0100    0.3900    0.0000    0.0200    0.0100    0.5700
    0.0000    0.0000    0.0000    0.0200    0.0000    0.9800
    0.3500    0.0000    0.0000    0.0100    0.0000    0.6400
    0.3900    0.0000    0.0000    0.0200    0.0100    0.5800
    0.3900    0.3100    0.0000    0.0000    0.2200    0.0800
    0.3500    0.0000    0.0000    0.0000    0.2100    0.4400
    0.4400    0.0000    0.0000    0.0500    0.1300    0.3800
    0.4200    0.1100    0.0000    0.0000    0.0400    0.4300
    0.4000    0.1300    0.0000    0.0000    0.0800    0.3900
    0.3700    0.3700    0.0000    0.0000    0.1900    0.0700

 Output data matrix of corresponding Pareto front:
        f1        f2        f3
 -492.2164   -2.0354-77476.1977
 -307.5914   -2.9333-68673.8814
 -374.3907   -2.1313-72005.0906
 -350.2734   -2.6724-74202.1381
 -438.2688   -2.1205-87348.6010
 -526.1093   -1.9176-98663.7705
 -673.8733   -1.3085-96609.9429
 -536.0149   -1.7113-96497.9814
 -627.3105   -1.5880-103558.9154
 -483.7090   -2.0071-89596.8710
 -605.3055   -1.7013-100894.6560
 -697.1304   -1.0954-95259.3377

 Input data matrix of Pareto front of final Gaussian process model:
        x1        x2        x3        x4        x5        x6
    0.4096    0.4120    0.0000    0.0006    0.1777    0.0000
    0.0000    0.0000    0.0000    0.0000    0.0000    1.0000
    0.4269    0.0804    0.0000    0.0002    0.1737    0.3188
    0.0000    0.0000    0.0000    0.0000    0.0000    1.0000
    0.4327    0.3532    0.0000    0.0004    0.1889    0.0248
    0.1725    0.0000    0.0000    0.0000    0.0000    0.8275
    0.3485    0.0942    0.0000    0.0005    0.0000    0.5567
    0.1795    0.0000    0.0000    0.0000    0.0000    0.8205
    0.1177    0.0000    0.0000    0.0000    0.0000    0.8823
    0.0534    0.0000    0.0000    0.0000    0.0000    0.9466
    0.0609    0.0000    0.0000    0.0002    0.0000    0.9389
    0.1344    0.0002    0.0000    0.0001    0.0000    0.8653
    0.2284    0.0002    0.0000    0.0018    0.0000    0.7695
    0.2474    0.0000    0.0000    0.0009    0.0000    0.7517
    0.0121    0.0009    0.0000    0.0002    0.0000    0.9868
    0.2523    0.0029    0.0000    0.0001    0.0000    0.7448
    0.1999    0.0001    0.0000    0.0001    0.0000    0.7999
    0.4030    0.1519    0.0000    0.0044    0.1584    0.2823
    0.1022    0.0000    0.0000    0.0000    0.0000    0.8978
    0.3944    0.1019    0.0000    0.0024    0.1803    0.3211
    0.3943    0.2363    0.0000    0.0019    0.1612    0.2062
    0.2858    0.0000    0.0000    0.0007    0.0000    0.7135
    0.0414    0.0003    0.0000    0.0006    0.0000    0.9577
    0.3755    0.0739    0.0000    0.0012    0.0351    0.5143
    0.2198    0.0000    0.0000    0.0002    0.0000    0.7801
    0.0473    0.0000    0.0000    0.0001    0.0000    0.9526
    0.0344    0.0000    0.0000    0.0015    0.0000    0.9641
    0.2775    0.1647    0.0000    0.0009    0.0000    0.5568
    0.2621    0.0000    0.0000    0.0046    0.0000    0.7333
    0.2682    0.0023    0.0000    0.0002    0.0000    0.7293
    0.1113    0.0000    0.0000    0.0028    0.0000    0.8858
    0.0248    0.0001    0.0000    0.0008    0.0000    0.9743
    0.3437    0.0723    0.0000    0.0005    0.0000    0.5835
    0.3939    0.0958    0.0000    0.0009    0.0216    0.4879
    0.3683    0.3084    0.0000    0.0081    0.1450    0.1701
    0.3657    0.1787    0.0000    0.0010    0.1415    0.3130
    0.0748    0.0000    0.0000    0.0016    0.0000    0.9236
    0.4239    0.0000    0.0000    0.0024    0.1189    0.4548
    0.0161    0.0003    0.0000    0.0006    0.0000    0.9829
    0.2327    0.0000    0.0000    0.0012    0.0000    0.7661
    0.3934    0.0490    0.0000    0.0012    0.0885    0.4679
    0.2805    0.0000    0.0000    0.0016    0.0000    0.7180
    0.3997    0.0489    0.0000    0.0047    0.1121    0.4346
    0.2957    0.0000    0.0000    0.0005    0.0000    0.7038
    0.2046    0.0002    0.0000    0.0013    0.0000    0.7938
    0.3651    0.0881    0.0000    0.0008    0.0599    0.4861
    0.1675    0.0000    0.0000    0.0016    0.0000    0.8309
    0.0665    0.0000    0.0000    0.0005    0.0000    0.9330
    0.3693    0.0879    0.0000    0.0018    0.0687    0.4724
    0.3335    0.1188    0.0000    0.0016    0.0000    0.5461
    0.0936    0.0001    0.0000    0.0012    0.0000    0.9051
    0.3779    0.2971    0.0000    0.0002    0.1757    0.1491
    0.0871    0.0000    0.0000    0.0006    0.0000    0.9123
    0.1912    0.0000    0.0000    0.0001    0.0000    0.8087
    0.0801    0.0000    0.0000    0.0016    0.0000    0.9183
    0.1438    0.0000    0.0000    0.0000    0.0000    0.8562
    0.3544    0.2765    0.0000    0.0010    0.1187    0.2495
    0.3611    0.4086    0.0000    0.0005    0.1405    0.0894
    0.1083    0.0003    0.0000    0.0006    0.0000    0.8907
    0.3708    0.4108    0.0000    0.0005    0.1890    0.0288
    0.1624    0.0000    0.0000    0.0007    0.0000    0.8368
    0.2961    0.3185    0.0000    0.0000    0.1407    0.2447
    0.3902    0.3576    0.0000    0.0022    0.1097    0.1404
    0.2160    0.0003    0.0000    0.0000    0.0000    0.7837
    0.4250    0.1923    0.0000    0.0011    0.1545    0.2272
    0.3793    0.3177    0.0000    0.0007    0.1494    0.1529
    0.3562    0.0901    0.0000    0.0019    0.0000    0.5518
    0.3935    0.1551    0.0000    0.0014    0.1230    0.3270
    0.3902    0.1821    0.0000    0.0014    0.1610    0.2653
    0.2611    0.0000    0.0000    0.0003    0.0000    0.7386
    0.3772    0.0153    0.0000    0.0013    0.1091    0.4972
    0.3995    0.1074    0.0000    0.0009    0.0228    0.4693
    0.3947    0.0721    0.0000    0.0099    0.1498    0.3735
    0.4183    0.0227    0.0000    0.0025    0.1443    0.4123
    0.0702    0.0002    0.0000    0.0016    0.0000    0.9280
    0.4281    0.0050    0.0000    0.0007    0.1313    0.4350
    0.4403    0.0013    0.0000    0.0015    0.0030    0.5540
    0.3346    0.3042    0.0000    0.0011    0.1306    0.2295
    0.3758    0.0853    0.0000    0.0013    0.1696    0.3680
    0.1826    0.0000    0.0000    0.0004    0.0000    0.8170
    0.3507    0.2440    0.0000    0.0008    0.1670    0.2375
    0.3236    0.1187    0.0000    0.0017    0.0000    0.5560
    0.4022    0.0546    0.0000    0.0021    0.1471    0.3939
    0.2911    0.0010    0.0000    0.0019    0.0003    0.7057
    0.3590    0.2951    0.0000    0.0044    0.1819    0.1596
    0.1581    0.0000    0.0000    0.0000    0.0000    0.8419
    0.4185    0.1036    0.0000    0.0023    0.1383    0.3373
    0.3243    0.2099    0.0000    0.0010    0.1400    0.3247
    0.3911    0.0793    0.0000    0.0008    0.0642    0.4646
    0.4012    0.0911    0.0000    0.0015    0.1133    0.3929
    0.3878    0.0456    0.0000    0.0007    0.1300    0.4359
    0.0293    0.0000    0.0000    0.0001    0.0000    0.9706
    0.1302    0.0000    0.0000    0.0000    0.0000    0.8698
    0.3375    0.1957    0.0000    0.0011    0.1317    0.3339
    0.2724    0.0000    0.0000    0.0027    0.0000    0.7249
    0.1520    0.0000    0.0000    0.0018    0.0000    0.8462
    0.3128    0.1443    0.0000    0.0035    0.0000    0.5393
    0.3648    0.3307    0.0000    0.0003    0.1406    0.1636
    0.4020    0.3367    0.0000    0.0007    0.1415    0.1191
    0.3805    0.3793    0.0000    0.0014    0.1747    0.0640
    0.4067    0.4430    0.0000    0.0007    0.1496    0.0000
    0.1472    0.0000    0.0000    0.0014    0.0000    0.8514
    0.2885    0.0000    0.0000    0.0027    0.0000    0.7088
    0.2437    0.0000    0.0000    0.0020    0.0000    0.7542
    0.4229    0.3354    0.0000    0.0005    0.1507    0.0905
    0.3748    0.3975    0.0000    0.0006    0.1251    0.1020
    0.1858    0.0000    0.0000    0.0000    0.0000    0.8142
    0.4007    0.0841    0.0000    0.0002    0.1816    0.3334
    0.2239    0.0000    0.0000    0.0016    0.0000    0.7745
    0.3979    0.0000    0.0000    0.0010    0.0000    0.6011
    0.3973    0.0547    0.0000    0.0012    0.0870    0.4598
    0.1950    0.0011    0.0000    0.0000    0.0000    0.8039
    0.2856    0.1544    0.0000    0.0024    0.0000    0.5576
    0.1881    0.0000    0.0000    0.0007    0.0015    0.8097
    0.3611    0.0733    0.0000    0.0022    0.1532    0.4102
    0.3519    0.0523    0.0000    0.0013    0.0946    0.4999
    0.4444    0.3627    0.0000    0.0005    0.1669    0.0255
    0.3868    0.0966    0.0000    0.0085    0.0067    0.5014
    0.3100    0.0000    0.0000    0.0005    0.0000    0.6895
    0.1275    0.0000    0.0000    0.0008    0.0000    0.8717
    0.3801    0.1375    0.0000    0.0013    0.1740    0.3072
    0.3686    0.1368    0.0000    0.0018    0.0000    0.4928
    0.3838    0.1186    0.0000    0.0019    0.0000    0.4957
    0.1034    0.0000    0.0000    0.0022    0.0000    0.8945
    0.3682    0.1971    0.0000    0.0014    0.1841    0.2492
    0.4198    0.0501    0.0000    0.0008    0.1428    0.3865
    0.3219    0.0949    0.0000    0.0020    0.0000    0.5812
    0.1652    0.0000    0.0000    0.0000    0.0000    0.8348
    0.0933    0.0000    0.0000    0.0006    0.0000    0.9061
    0.3334    0.0762    0.0000    0.0020    0.0000    0.5884
    0.2939    0.1434    0.0000    0.0036    0.0000    0.5591
    0.4161    0.0000    0.0000    0.0061    0.1778    0.4000
    0.3414    0.2787    0.0000    0.0004    0.1490    0.2305
    0.4224    0.0568    0.0000    0.0023    0.1780    0.3404
    0.3673    0.3150    0.0000    0.0005    0.1691    0.1481
    0.3952    0.4489    0.0000    0.0007    0.1306    0.0246
    0.3016    0.0000    0.0000    0.0014    0.0000    0.6969
    0.4186    0.1320    0.0000    0.0012    0.1879    0.2603
    0.2771    0.0000    0.0000    0.0005    0.0000    0.7225
    0.4151    0.1091    0.0000    0.0034    0.1631    0.3093
    0.3458    0.3248    0.0000    0.0013    0.1338    0.1943
    0.2361    0.0000    0.0000    0.0002    0.0000    0.7637
    0.3012    0.1376    0.0000    0.0019    0.0000    0.5594
    0.1561    0.0000    0.0000    0.0007    0.0000    0.8432
    0.0845    0.0000    0.0000    0.0001    0.0000    0.9153
    0.2564    0.0000    0.0000    0.0021    0.0000    0.7415
    0.3036    0.1447    0.0000    0.0084    0.0000    0.5433
    0.3402    0.1305    0.0000    0.0013    0.1517    0.3763
    0.3005    0.0022    0.0000    0.0002    0.0000    0.6971
    0.4041    0.3660    0.0000    0.0003    0.1443    0.0853
    0.3501    0.0138    0.0000    0.0011    0.1287    0.5063
    0.3049    0.1442    0.0000    0.0084    0.0000    0.5426
    0.4196    0.1976    0.0000    0.0010    0.1422    0.2396
    0.3713    0.0682    0.0000    0.0008    0.1187    0.4411
    0.3301    0.0448    0.0000    0.0013    0.1207    0.5030
    0.2236    0.0003    0.0000    0.0000    0.0000    0.7761
    0.2925    0.1448    0.0000    0.0011    0.0000    0.5616
    0.3830    0.2319    0.0000    0.0007    0.1587    0.2257
    0.3759    0.0319    0.0000    0.0010    0.0000    0.5912
    0.3532    0.3175    0.0000    0.0012    0.1461    0.1820
    0.2133    0.0000    0.0000    0.0001    0.0000    0.7866
    0.2974    0.1461    0.0000    0.0068    0.0000    0.5497
    0.1964    0.0011    0.0000    0.0000    0.0000    0.8025
    0.3641    0.1094    0.0000    0.0140    0.0000    0.5125
    0.2070    0.0000    0.0000    0.0001    0.0000    0.7929
    0.3625    0.4944    0.0000    0.0006    0.1425    0.0000
    0.1240    0.0000    0.0000    0.0000    0.0000    0.8760
    0.3619    0.3663    0.0000    0.0008    0.1540    0.1171
    0.2688    0.1595    0.0000    0.0009    0.0000    0.5708
    0.3804    0.2646    0.0000    0.0008    0.0936    0.2606
    0.1501    0.0000    0.0000    0.0000    0.0000    0.8499
    0.4019    0.2150    0.0000    0.0016    0.1579    0.2236
    0.3583    0.0864    0.0000    0.0008    0.0588    0.4956
    0.2097    0.0000    0.0000    0.0000    0.0000    0.7902
    0.4057    0.3412    0.0000    0.0006    0.1533    0.0992
    0.2380    0.0000    0.0000    0.0001    0.0000    0.7618
    0.4418    0.0534    0.0000    0.0025    0.1357    0.3667
    0.3391    0.0625    0.0000    0.0001    0.1348    0.4635
    0.2707    0.0003    0.0000    0.0015    0.0000    0.7275
    0.3846    0.3893    0.0000    0.0108    0.1493    0.0660
    0.1402    0.0000    0.0000    0.0001    0.0000    0.8597
    0.3803    0.3771    0.0000    0.0005    0.1479    0.0941
    0.3703    0.4885    0.0000    0.0004    0.1408    0.0000
    0.3770    0.0192    0.0000    0.0000    0.1696    0.4341
    0.2403    0.0004    0.0000    0.0003    0.0000    0.7589
    0.2555    0.0023    0.0000    0.0003    0.0000    0.7419
    0.3794    0.0040    0.0000    0.0265    0.0068    0.5833
    0.4294    0.0000    0.0000    0.0025    0.1075    0.4607
    0.1240    0.0000    0.0000    0.0000    0.0000    0.8760
    0.4114    0.0437    0.0000    0.0007    0.1262    0.4181
    0.3559    0.3050    0.0000    0.0018    0.1480    0.1893
    0.3793    0.3773    0.0000    0.0014    0.1742    0.0677
    0.2849    0.1630    0.0000    0.0009    0.0000    0.5511
    0.1402    0.0000    0.0000    0.0001    0.0000    0.8597
    0.4173    0.1856    0.0000    0.0011    0.1463    0.2498
    0.2420    0.0000    0.0000    0.0005    0.0000    0.7575
    0.3723    0.0742    0.0000    0.0024    0.0486    0.5025
    0.3991    0.0000    0.0000    0.0005    0.1705    0.4299
    0.4309    0.0557    0.0000    0.0007    0.0001    0.5126
    0.2780    0.1257    0.0000    0.0000    0.0000    0.5963

 Output data matrix of Pareto front of final Gaussian process model:
        f1        f2        f3
 -641.8709   -0.9515-87194.3505
 -303.1538   -2.7190-63426.8150
 -534.9999   -1.4207-93928.1628
 -303.1538   -2.7190-63426.8150
 -634.4031   -0.9501-87795.9401
 -342.6956   -2.2228-70399.0318
 -429.2695   -1.9179-83907.1715
 -345.0917   -2.2037-70851.7733
 -326.6172   -2.3835-67316.6579
 -312.2772   -2.5765-64769.4317
 -313.7770   -2.5541-65011.8058
 -331.0559   -2.3323-68166.4331
 -364.3777   -2.0812-74351.0176
 -372.7695   -2.0452-75762.5050
 -304.9020   -2.6865-63664.7541
 -374.9915   -2.0337-76156.0368
 -352.5768   -2.1503-72243.2203
 -551.8607   -1.3791-93520.8907
 -322.7971   -2.4308-66600.2431
 -537.3909   -1.4376-93680.4386
 -580.8394   -1.2477-92478.1554
 -390.8331   -1.9838-78624.0416
 -309.9825   -2.6083-64403.8419
 -452.5034   -1.8600-86281.0586
 -360.5673   -2.1033-73675.4146
 -311.1006   -2.5936-64579.8277
 -308.7315   -2.6264-64206.3765
 -401.7370   -1.9552-80651.6257
 -379.8754   -2.0150-76949.4692
 -382.4695   -2.0078-77350.4457
 -325.0992   -2.3954-67011.7669
 -307.0561   -2.6538-63966.3727
 -424.2931   -1.9218-83491.9571
 -456.9177   -1.8474-86343.5045
 -588.8902   -1.2210-90736.6033
 -540.0714   -1.4841-92521.3530
 -316.6770   -2.5095-65490.7556
 -490.7298   -1.7073-91814.1712
 -305.5869   -2.6764-63754.4549
 -366.2015   -2.0737-74659.1777
 -481.4074   -1.7669-89796.3725
 -388.3748   -1.9903-78255.8899
 -495.9627   -1.7010-91494.2826
 -395.5857   -1.9712-79336.9956
 -354.4858   -2.1360-72595.7335
 -464.1486   -1.8256-87359.1557
 -341.1242   -2.2329-70098.6100
 -314.9052   -2.5370-65196.7257
 -471.1249   -1.8033-88100.7429
 -425.6176   -1.9243-83381.6460
 -320.8049   -2.4537-66227.2322
 -600.9844   -1.1563-91119.8083
 -319.3458   -2.4750-65967.6673
 -349.3119   -2.1725-71641.3207
 -317.8105   -2.4936-65688.0348
 -333.7105   -2.3052-68676.6485
 -555.3703   -1.3986-90648.3526
 -610.4699   -1.1220-88283.2447
 -324.2782   -2.4095-66871.4312
 -633.4090   -0.9935-87556.2814
 -339.4298   -2.2493-69775.2870
 -549.3361   -1.4056-89308.5029
 -591.2141   -1.2051-88973.7097
 -358.9814   -2.1117-73398.3139
 -570.0981   -1.2696-92992.0820
 -597.5423   -1.1897-90803.6893
 -432.3035   -1.9130-84218.4584
 -533.4055   -1.5124-92443.3321
 -559.5706   -1.3554-93264.2279
 -379.0713   -2.0217-76784.4337
 -477.1491   -1.7804-89716.1882
 -461.7244   -1.8282-86559.5453
 -518.7168   -1.5658-93279.0360
 -505.8735   -1.6272-93149.2785
 -315.6830   -2.5228-65321.1318
 -497.5020   -1.6685-92578.9789
 -444.7053   -1.8661-86039.1046
 -561.4997   -1.3637-90253.6998
 -522.1566   -1.5507-93286.8954
 -346.2100   -2.1945-71063.0160
 -568.0107   -1.3265-92132.3616
 -420.5734   -1.9310-82899.6393
 -513.1206   -1.6036-93217.0939
 -393.6113   -1.9746-79054.2457
 -595.3019   -1.1743-90934.5763
 -338.0333   -2.2633-69508.7324
 -530.2256   -1.4990-93376.2739
 -528.7975   -1.5348-91068.1856
 -474.8149   -1.7886-88564.8276
 -509.4016   -1.6374-91973.2835
 -498.8087   -1.6932-91959.5425
 -307.8309   -2.6434-64084.6013
 -329.9145   -2.3456-67946.2207
 -526.6484   -1.5524-91227.4836
 -384.6223   -2.0009-77683.5285
 -336.2422   -2.2766-69159.5343
 -418.8232   -1.9336-82519.5871
 -590.9121   -1.2257-90406.6122
 -607.5418   -1.1343-90066.0861
 -625.4899   -1.0414-88757.9772
 -638.2517   -0.9797-86785.7285
 -334.7769   -2.2915-68877.5297
 -392.3214   -1.9785-78866.3593
 -371.1674   -2.0506-75504.8862
 -616.7600   -1.0722-89668.7149
 -605.1957   -1.1461-88365.2712
 -347.3112   -2.1869-71268.1866
 -532.7572   -1.4575-93748.9191
 -362.4209   -2.0916-74008.2404
 -435.9453   -1.8932-84975.8927
 -483.3510   -1.7581-89923.8147
 -350.6996   -2.1609-71908.5685
 -405.0048   -1.9509-81068.6642
 -348.2790   -2.1750-71367.9615
 -506.5675   -1.6477-92318.3815
 -468.5788   -1.8092-88224.5042
 -633.2412   -0.9657-87861.1900
 -448.8930   -1.8722-85502.4766
 -402.3529   -1.9549-80332.0780
 -329.2166   -2.3516-67807.9919
 -543.9314   -1.4274-93468.0660
 -444.9154   -1.8846-84705.5664
 -447.8552   -1.8781-85130.9880
 -323.1436   -2.4215-66650.9151
 -564.6292   -1.3152-92770.8863
 -514.1016   -1.5855-93356.7039
 -416.6778   -1.9332-82603.6233
 -340.2844   -2.2432-69940.0102
 -320.7291   -2.4563-66216.8257
 -420.0930   -1.9272-83020.7692
 -408.2470   -1.9466-81481.0643
 -507.6808   -1.5738-93527.2965
 -567.0523   -1.3412-91294.5925
 -527.1970   -1.4603-93886.2457
 -600.2261   -1.1694-90827.6786
 -627.4321   -1.0302-86723.3189
 -398.4775   -1.9635-79773.8739
 -555.8711   -1.2958-93389.5628
 -386.6465   -1.9963-77979.6081
 -540.6870   -1.4190-93828.5643
 -576.1205   -1.2934-90182.1570
 -367.6253   -2.0683-74895.3209
 -411.2742   -1.9431-81838.5697
 -337.4260   -2.2675-69390.3983
 -318.7552   -2.4839-65863.7529
 -377.0100   -2.0274-76467.4500
 -414.4814   -1.9385-82078.7599
 -515.2666   -1.6061-91930.6652
 -397.9433   -1.9643-79705.5315
 -617.7339   -1.0852-89199.6341
 -473.7009   -1.7822-89321.4371
 -415.0763   -1.9377-82140.6335
 -565.7949   -1.3094-92863.6797
 -494.0956   -1.7202-91022.0056
 -468.5741   -1.7981-88341.0707
 -362.1597   -2.0946-73957.2663
 -407.3772   -1.9479-81386.8114
 -574.1570   -1.2926-92594.7569
 -432.7235   -1.9047-84521.7957
 -584.3568   -1.2554-90672.4207
 -357.9110   -2.1182-73204.8856
 -411.0045   -1.9432-81732.4665
 -351.2449   -2.1572-72008.9653
 -440.0253   -1.8953-84605.3931
 -355.3470   -2.1331-72745.3019
 -628.6146   -1.0102-85723.2908
 -328.2666   -2.3643-67630.7471
 -606.6356   -1.1452-89561.7065
 -396.0377   -1.9608-80051.1809
 -546.3664   -1.4288-90065.9606
 -335.5669   -2.2867-69033.9635
 -574.1688   -1.2757-92829.6703
 -460.0647   -1.8370-86946.9319
 -356.4436   -2.1267-72942.3171
 -615.2298   -1.0925-89866.0839
 -368.4660   -2.0645-75036.9154
 -516.0761   -1.5431-93317.2116
 -484.6578   -1.7480-90168.9559
 -383.6947   -2.0045-77532.1033
 -620.6668   -1.0576-88314.2097
 -332.6900   -2.3154-68479.4554
 -614.2785   -1.1084-89171.3706
 -630.0569   -1.0078-85865.6424
 -500.4226   -1.6580-92603.1679
 -369.5132   -2.0590-75220.4651
 -376.5013   -2.0285-76396.8832
 -435.5254   -1.8942-84887.4492
 -486.8053   -1.7217-91315.4566
 -328.2666   -2.3643-67630.7471
 -503.5485   -1.6585-92457.7911
 -582.7443   -1.2625-90969.9925
 -624.4137   -1.0472-88845.5187
 -405.7028   -1.9506-81081.8162
 -332.6900   -2.3154-68479.4554
 -562.6816   -1.3247-93097.3068
 -370.2557   -2.0562-75341.2321
 -458.2058   -1.8428-86877.6288
 -501.6800   -1.6391-93045.1486
 -450.2335   -1.8616-85951.9641
 -396.6853   -1.9565-80227.3407

 Final hyperparameter values: 
  Hyperparameter        f1        f2        f3
         lambda1    0.5134    8.6009    1.0854
         lambda2    0.7286    1.6836    7.8552
         lambda3    0.8862    0.7118    0.4473
         lambda4    4.4431    2.1099    2.3997
         lambda5    0.4135    2.7611    0.6179
         lambda6    1.4247    0.5361    1.1869
          sigmaf  134.0682    0.838118078.6882
          sigman   65.1022    0.1679 7723.4077
